42	18	12	68
31	31	87	52
84	68	33	56
59	77	89	29
35	95	58	48
72	64	38	60
21	29	78	90
41	56	91	39
51	15	58	49
54	47	76	39
20	26	12	100
63	100	96	21
25	65	19	46
56	96	95	50
62	33	78	87
70	64	96	78
82	62	56	59
57	25	55	13
95	20	85	76
51	82	35	17
44	63	83	88
20	91	33	86
17	57	37	11
97	27	13	47
78	77	89	54
100	34	58	67
78	98	36	73
63	37	68	48
29	15	21	100
96	13	38	66
98	33	96	51
70	87	22	51
79	14	62	54
78	66	49	57
75	27	94	55
88	95	31	46
16	80	37	98
28	31	49	44
31	70	34	22
43	38	98	94
91	22	58	44
75	26	35	43
24	11	67	62
22	33	18	34
80	57	20	53
48	11	38	77
35	44	26	96
70	95	63	48
79	42	55	39
93	34	68	92
36	38	46	60
16	76	79	15
87	58	85	46
57	25	20	95
36	45	29	37
58	74	60	76
68	17	69	81
91	42	39	15
12	77	89	47
12	11	98	10
47	19	31	60
90	65	55	80
46	85	20	66
70	77	55	75
65	10	18	10
72	59	42	15
76	12	95	28
23	70	91	26
91	31	88	86
98	96	45	84
66	43	94	91
100	86	48	91
81	65	73	31
21	63	62	67
40	56	49	83
43	44	16	91
86	66	85	51
75	14	47	71
46	100	15	47
15	52	51	98
49	69	66	79
98	56	90	91
32	39	88	34
61	70	28	31
50	20	77	53
29	74	24	97
44	87	12	64
95	32	42	18
69	22	25	48
90	54	91	40
93	42	39	61
95	37	53	64
23	30	53	79
15	59	28	83
31	29	36	46
35	51	67	25
86	66	71	23
38	45	89	15
62	74	62	42
25	35	53	32
35	77	10	20
63	91	51	89
86	23	30	67
43	57	51	30
15	96	49	91
74	53	72	16
27	44	40	79
98	83	96	11
94	77	24	89
21	17	57	34
67	75	32	100
93	38	57	32
39	38	36	58
92	58	76	41
36	90	43	16
16	42	10	50
54	42	17	20
83	59	65	34
17	18	94	92
31	63	27	14
62	88	39	57
79	94	91	90
80	81	33	38
39	26	31	21
45	23	57	68
27	26	73	97
88	80	10	19
55	62	93	78
18	64	44	60
19	19	70	33
84	32	69	24
97	27	45	50
66	61	96	40
61	65	100	72
97	87	43	51
38	67	89	62
39	93	24	80
40	10	94	33
99	63	14	72
97	18	17	90
79	37	81	14
72	78	34	84
62	23	85	82
12	40	93	30
77	72	67	45
27	88	42	38
27	12	65	11
95	47	74	91
21	81	97	15
15	57	92	19
14	94	42	67
13	71	40	99
39	80	47	66
64	58	93	37
95	34	13	44
31	30	86	75
86	94	12	21
68	87	30	47
98	86	88	62
35	56	54	11
32	80	77	100
98	29	66	46
79	14	23	84
46	99	100	92
61	46	85	19
23	56	77	47
33	87	32	34
70	57	21	53
74	41	90	23
76	85	31	64
27	83	77	18
69	66	42	30
90	100	10	15
98	50	62	48
22	39	86	83
83	77	96	11
88	17	11	98
36	61	25	25
29	61	45	57
25	94	45	32
79	33	100	35
40	74	80	79
22	86	22	90
26	67	50	33
54	88	66	51
86	32	82	39
90	18	66	71
14	21	15	44
77	71	53	98
57	82	14	33
10	52	37	96
21	83	22	46
43	86	97	70
54	34	39	12
95	16	100	40
26	27	28	83
29	47	58	70
57	54	97	18
86	72	29	50
98	17	99	76
65	61	14	67
58	71	14	25
60	83	35	76
17	73	14	66
23	70	33	100
35	15	67	60
57	55	49	48
37	32	77	65
12	84	88	91
14	24	47	45
71	35	53	51
41	44	17	97
95	86	72	27
66	23	30	93
59	77	95	51
94	65	19	98
30	98	69	28
97	25	74	31
68	29	79	45
66	10	91	28
20	54	80	92
59	83	96	31
49	67	58	99
92	43	15	82
77	74	94	77
56	92	35	23
54	52	75	50
82	76	89	69
84	92	32	13
93	12	95	53
77	32	40	76
40	29	46	49
14	15	43	50
100	52	38	18
20	83	91	93
10	82	47	34
61	75	22	49
55	38	46	76
37	75	16	55
86	46	26	99
15	54	72	46
27	41	75	71
27	20	36	79
75	29	100	24
65	30	64	91
55	10	11	16
28	88	76	89
60	28	23	82
75	69	87	38
41	44	38	11
49	38	11	82
74	13	33	33
49	53	80	74
50	94	40	44
55	95	58	27
40	56	94	24
89	90	35	78
93	56	66	43
16	71	44	53
47	26	43	53
42	11	32	52
21	92	41	93
36	80	92	89
77	17	41	34
47	14	59	60
25	90	11	12
60	52	55	77
54	44	41	45
83	91	42	18
42	49	86	45
62	18	96	10
67	67	95	58
99	58	17	76
67	24	73	16
41	91	88	42
42	55	88	91
32	82	44	40
51	39	67	79
60	29	73	38
93	51	55	77
93	82	48	12
66	42	95	44
86	22	22	51
77	18	95	30
46	67	55	95
29	50	78	12
84	92	89	52
87	43	97	55
25	18	38	68
34	97	87	53
32	95	74	31
91	87	16	36
17	17	56	63
14	64	41	39
13	90	85	30
66	16	18	51
72	58	32	85
36	37	46	95
64	62	10	88
15	40	70	92
27	63	76	59
52	28	58	54
26	60	26	33
84	15	93	91
93	16	86	90
71	46	39	79
78	99	51	98
32	34	65	14
98	28	16	25
76	74	92	19
50	54	87	98
95	96	16	94
36	54	63	72
50	93	68	79
59	69	14	29
83	75	66	60
98	79	83	99
12	58	67	62
40	58	81	78
84	45	48	60
69	73	34	59
84	77	78	88
72	82	50	40
12	57	70	55
72	98	97	62
73	28	33	47
34	10	82	65
87	14	30	62
19	48	100	64
49	21	33	13
54	31	44	60
64	52	54	46
49	18	25	58
17	73	82	39
51	90	62	23
37	60	65	14
82	66	56	73
13	95	11	27
28	78	21	53
30	26	78	12
88	33	67	58
70	58	46	29
95	96	87	58
51	52	59	22
78	64	90	23
52	35	39	74
57	75	43	65
84	70	53	78
76	14	12	50
35	71	13	93
58	59	34	78
48	14	18	46
96	35	83	33
95	71	20	36
65	80	83	82
13	81	30	71
20	57	47	58
36	31	18	84
23	99	61	68
91	63	21	73
52	57	18	91
85	60	77	56
14	17	97	64
38	12	44	27
78	85	28	41
52	78	49	60
53	50	83	49
78	28	63	75
13	22	67	64
35	19	95	15
16	17	53	41
21	67	33	19
49	82	20	22
43	17	94	25
51	18	96	63
99	85	27	46
87	69	31	46
36	13	71	66
71	35	95	57
33	19	54	26
86	65	55	58
31	25	96	26
56	28	34	14
55	11	16	73
76	60	43	46
44	75	93	43
77	51	16	48
62	73	89	26
55	94	10	53
10	23	100	81
22	32	82	15
40	50	10	87
23	25	71	97
35	26	48	86
27	55	81	95
25	95	99	53
42	47	29	32
70	43	92	11
35	80	99	15
31	58	71	31
85	18	25	20
57	17	67	39
72	58	26	59
85	27	36	14
87	38	63	86
21	57	13	10
85	33	64	43
22	54	68	40
22	99	71	41
52	48	35	59
46	36	92	84
93	66	71	35
93	61	40	11
71	78	65	36
54	60	54	95
68	88	30	22
64	75	99	17
12	60	93	69
49	69	18	60
56	98	97	55
26	77	88	35
23	30	56	83
87	56	53	89
40	79	79	92
81	100	63	18
51	47	40	44
45	22	70	58
100	91	23	63
82	13	75	49
73	39	68	55
10	72	88	51
29	80	52	83
67	29	54	50
80	51	58	41
70	73	36	96
88	65	65	89
61	36	70	41
70	40	60	52
12	47	100	56
21	54	12	50
43	40	46	15
90	69	54	25
64	36	13	71
60	67	17	29
79	100	49	63
61	76	87	99
28	48	97	82
41	86	74	52
13	67	54	16
56	69	36	88
82	64	37	38
76	66	88	31
74	68	33	49
14	58	66	57
65	92	35	71
62	14	29	40
74	17	70	94
13	98	55	60
60	28	68	96
65	85	99	55
90	48	36	53
54	64	72	23
90	54	78	95
65	36	35	14
92	16	85	71
59	96	94	89
49	88	78	26
74	74	80	86
45	55	30	50
48	49	36	85
15	81	65	23
80	20	24	64
46	18	30	85
22	48	28	93
30	44	52	19
65	24	91	22
100	92	26	89
33	42	74	79
16	94	79	55
76	58	32	94
47	24	24	89
82	84	22	37
62	72	63	85
92	89	34	74
81	15	53	57
30	24	97	67
49	94	58	58
12	14	39	79
35	49	44	31
23	80	43	86
91	84	13	86
23	44	10	22
85	86	89	70
19	52	96	36
65	100	76	47
31	40	49	79
41	44	23	49
26	71	41	93
72	24	17	97
33	42	41	67
71	22	84	50
88	53	69	34
76	77	82	58
100	62	14	50
24	84	74	47
71	37	99	61
32	19	49	99
66	79	87	65
91	71	43	20
18	90	73	91
21	63	72	41
15	47	49	87
91	28	78	52
27	39	63	33
58	58	91	96
67	96	61	82
34	66	100	91
81	85	42	17
83	21	53	12
44	19	47	62
28	43	67	56
43	15	49	89
23	46	93	49
31	73	41	16
81	12	46	50
79	91	36	62
93	58	81	20
21	26	85	71
65	63	26	22
83	92	67	94
98	29	88	59
85	95	68	99
78	85	11	93
45	25	35	47
16	50	38	39
20	11	61	49
80	11	49	62
83	46	45	35
77	11	17	84
46	52	65	76
75	43	21	81
18	56	72	70
83	94	82	56
81	47	91	56
48	96	21	75
15	46	32	57
90	42	28	68
56	70	49	12
64	51	52	22
64	40	88	35
77	72	90	37
84	17	23	73
14	58	41	16
23	35	81	36
59	94	30	56
52	96	90	49
28	35	18	48
87	11	94	56
40	89	86	67
81	80	29	58
42	17	23	68
95	36	26	75
23	30	92	70
39	14	48	86
55	44	75	73
61	28	68	76
38	17	85	49
22	41	25	77
18	53	53	91
44	35	36	81
59	99	44	98
100	14	91	87
10	58	68	10
40	79	99	55
100	24	96	65
58	53	99	33
31	35	69	60
45	15	78	67
54	69	17	96
74	98	76	16
68	67	84	88
55	34	17	51
43	46	91	18
76	12	48	16
49	87	31	86
67	10	36	46
31	83	60	19
23	69	79	15
49	72	21	68
89	87	35	77
36	70	53	13
81	24	80	76
45	15	17	91
97	56	43	95
56	33	65	20
54	89	41	42
49	85	42	50
68	95	92	14
15	94	54	24
20	67	85	12
82	16	34	68
43	80	40	17
41	83	20	41
73	84	80	82
51	81	11	38
37	89	88	37
83	41	64	81
81	37	62	22
88	41	11	90
26	76	49	11
88	59	72	21
48	18	45	29
84	64	89	43
34	25	46	95
87	41	35	50
10	15	88	96
99	50	18	70
75	42	78	82
75	28	96	54
43	30	99	46
35	69	79	40
98	70	66	72
70	40	95	37
74	76	21	90
93	40	17	92
38	65	62	19
25	65	24	35
66	94	44	68
37	57	76	46
50	14	65	28
65	33	60	77
17	80	97	92
68	60	57	74
41	75	23	56
81	53	77	57
22	35	54	82
80	67	83	55
100	70	41	85
63	33	78	31
85	94	46	77
77	95	60	22
65	98	43	95
82	36	48	90
35	37	80	10
68	39	27	39
45	43	87	91
17	59	40	10
75	80	20	34
56	33	82	97
82	38	56	38
39	21	40	51
18	88	42	51
50	62	41	52
35	19	97	75
79	30	27	11
66	41	85	91
25	52	75	54
32	94	42	81
68	50	98	22
17	49	78	48
74	95	28	30
50	97	33	64
95	62	21	87
85	65	18	20
91	86	35	36
42	29	97	56
92	15	95	98
52	93	12	81
18	86	96	79
55	87	45	67
73	55	83	80
92	36	83	84
13	57	80	82
40	98	16	99
83	51	40	51
10	99	11	21
74	82	31	80
81	99	18	31
64	31	16	52
16	28	79	86
24	35	42	45
37	74	98	31
14	89	47	53
31	84	30	35
71	63	59	94
22	35	25	65
75	48	49	55
75	44	39	29
10	78	17	37
79	51	31	68
87	88	24	22
39	50	84	40
100	59	28	64
68	64	51	83
11	50	63	58
62	93	48	94
64	31	39	33
40	73	65	29
93	68	57	21
10	66	87	61
38	34	63	26
96	80	14	55
37	22	55	51
30	43	74	72
19	87	68	57
59	80	10	58
38	82	65	81
31	100	55	30
26	91	46	82
55	26	34	96
42	88	97	66
11	62	20	75
21	44	68	91
63	44	71	53
58	41	14	12
98	94	67	29
35	32	66	14
30	63	61	51
29	41	78	59
45	65	62	93
44	86	41	75
45	18	83	97
17	71	89	41
58	13	33	36
65	66	81	69
42	77	35	50
72	23	92	98
78	92	78	67
27	23	40	28
13	16	98	85
48	24	70	29
73	53	48	46
35	75	83	69
49	84	99	79
11	55	44	84
40	64	37	57
78	28	91	88
81	34	13	51
42	26	85	79
91	66	37	40
68	40	78	55
65	31	14	28
31	98	94	10
13	80	86	25
87	31	68	79
43	36	72	19
13	71	68	23
30	29	12	32
15	24	63	94
36	17	36	96
39	86	27	43
23	96	37	69
63	22	61	95
29	77	94	42
48	72	67	36
58	61	16	18
10	46	48	55
72	29	43	60
32	87	94	23
85	23	34	63
100	63	25	91
41	66	27	32
42	51	94	23
87	26	55	73
27	79	54	55
23	54	68	52
93	64	12	52
17	17	96	16
79	24	21	63
71	54	11	37
36	59	85	96
29	96	18	80
52	20	81	22
25	25	91	22
22	94	13	48
54	35	70	11
39	17	39	48
52	27	11	27
18	44	44	83
31	84	86	99
90	62	21	50
16	37	84	61
31	96	51	93
88	46	69	86
60	97	95	75
45	88	37	46
72	26	12	15
27	81	99	13
47	47	92	96
41	35	78	12
70	84	10	51
18	17	99	63
20	43	52	25
73	33	22	24
44	17	73	42
29	35	23	41
28	86	20	99
100	14	28	76
86	48	62	89
39	13	80	96
41	83	79	67
90	25	77	21
12	11	48	38
84	93	80	12
81	59	21	78
63	94	29	46
68	87	86	40
17	69	36	83
60	82	19	34
85	95	21	10
94	58	21	19
95	59	26	80
25	70	61	81
12	34	59	44
97	42	40	21
44	35	50	60
86	93	70	31
69	58	17	56
70	25	44	61
89	26	19	61
26	14	93	100
95	72	68	94
87	88	68	100
64	30	82	84
99	56	50	80
50	16	63	91
70	59	88	56
93	27	90	54
71	89	44	32
48	56	32	65
20	27	50	38
54	30	12	37
45	43	87	63
87	31	23	86
47	56	83	96
56	38	67	80
54	11	84	40
14	52	27	26
70	45	41	81
90	38	20	65
29	67	42	60
21	31	29	72
17	44	83	70
99	47	42	35
53	26	39	26
67	31	96	13
91	97	80	42
55	16	88	84
77	50	88	89
28	72	66	25
28	25	11	100
36	72	81	63
78	33	55	52
39	44	88	91
31	37	25	54
33	59	39	65
33	58	32	46
20	52	89	58
92	39	28	60
64	58	34	79
94	15	79	29
11	70	10	93
44	32	46	36
15	93	81	45
69	58	16	12
99	16	95	20
82	49	67	32
98	13	72	17
80	22	17	22
83	31	96	15
36	17	76	48
86	78	88	58
11	47	86	75
97	62	30	84
44	19	47	64
96	51	66	93
18	23	99	84
54	87	17	83
10	46	40	49
91	30	26	93
56	67	56	57
18	93	63	46
11	24	23	99
78	95	65	19
50	28	89	61
61	41	62	65
33	38	74	87
54	52	74	77
66	19	71	51
51	93	21	24
68	43	54	62
45	96	55	17
52	15	21	86
36	75	64	30
33	68	26	63
16	31	82	49
92	21	74	31
17	23	45	86
77	94	99	63
56	95	30	76
94	23	86	70
30	66	28	71
29	27	53	64
61	19	82	43
76	30	23	71
24	57	20	50
61	33	28	35
100	70	63	44
72	83	33	24
59	71	66	89
21	52	45	25
10	95	28	93
42	82	18	68
50	56	82	76
99	59	60	100
46	71	81	78
37	13	74	87
22	77	97	45
42	99	21	14
55	64	31	22
45	85	83	41
15	74	88	60
43	75	60	14
52	80	100	40
34	11	12	86
93	59	87	40
56	83	21	29
67	77	46	81
75	69	43	78
94	95	58	47
95	11	14	54
94	85	42	60
41	43	15	77
86	36	45	68
60	83	19	56
72	11	42	69
54	74	60	75
70	34	72	14
80	93	89	63
79	51	74	84
68	89	54	71
66	14	18	18
13	45	75	99
33	80	85	51
26	60	72	51
26	93	43	53
93	55	64	55
42	90	74	80
13	29	18	67
17	11	75	29
96	22	71	26
40	85	77	44
42	11	71	29
88	19	90	34
44	51	56	77
93	67	40	43
16	69	94	73
84	30	31	55
18	52	10	30
54	13	96	26
20	100	51	86
100	89	77	79
34	24	65	57
71	13	80	100
81	62	65	18
32	46	40	80
49	32	93	66
10	73	11	11
62	47	92	34
52	50	65	81
94	37	31	16
17	74	27	68
68	32	49	88
10	80	95	22
16	20	43	88
56	59	31	33
19	33	95	29
24	97	38	38
81	94	77	72
13	29	83	57
94	100	76	68
69	44	25	42
32	39	58	47
100	32	61	31
25	44	21	30
28	26	84	27
60	58	85	83
56	62	99	40
52	23	91	43
100	80	67	35
15	76	23	52
30	18	52	58
43	81	57	65
70	48	37	38
79	88	16	96
15	34	10	98
85	74	68	29
35	12	78	18
41	34	96	15
12	59	16	36
98	91	67	99
36	32	84	91
66	16	53	50
61	22	53	24
57	41	67	65
64	55	65	32
49	67	19	20
72	20	50	66
16	97	11	51
88	25	66	98
15	27	25	87
93	37	52	25
57	42	56	50
91	42	25	41
80	58	97	99
69	20	76	95
79	21	73	38
97	52	22	25
35	51	59	88
18	14	60	38
16	63	53	77
90	45	70	42
59	31	49	16
26	36	62	63
23	24	32	43
55	96	38	14
91	54	63	25
75	89	39	10
28	11	63	24
53	88	51	99
28	33	77	26
64	10	65	39
80	50	58	98
19	90	61	86
77	63	50	39
33	94	67	22
12	30	48	38
79	89	100	57
77	32	91	52
23	12	73	78
74	80	20	19
55	96	59	43
99	54	25	59
88	40	33	54
81	26	33	72
91	37	64	76
31	26	15	32
85	24	95	31
50	25	52	97
22	100	66	13
44	37	51	56
96	58	73	95
86	45	84	10
48	13	42	47
63	35	63	92
76	22	59	34
52	64	34	44
77	88	54	38
56	36	66	49
14	16	76	32
93	31	25	11
100	45	47	15
91	19	99	74
85	15	100	85
76	51	70	83
86	55	42	13
33	64	92	39
73	27	50	46
79	18	99	60
98	76	42	77
65	53	90	30
19	92	74	25
60	97	39	38
40	32	89	22
30	79	51	35
58	28	29	87
38	57	15	35
21	81	35	35
39	11	46	18
99	40	93	23
52	54	28	88
27	94	36	100
91	60	13	88
57	28	57	62
87	31	19	41
36	31	74	95
94	20	34	39
89	68	55	66
45	85	90	34
32	95	14	24
82	32	10	53
83	19	12	60
20	76	21	19
46	63	66	22
71	66	50	92
51	30	50	34
10	67	75	67
74	14	10	70
95	17	54	56
22	91	82	10
17	99	34	75
97	72	70	100
13	82	27	64
15	75	86	80
26	81	74	14
21	49	18	68
81	40	25	70
73	45	76	59
33	94	65	31
20	23	73	61
44	41	15	37
54	61	75	63
32	83	94	76
90	15	73	24
82	41	75	31
48	87	34	20
98	39	94	79
35	68	14	23
75	17	30	38
20	76	74	15
24	38	65	96
71	21	24	36
32	70	78	88
80	64	60	42
26	17	36	31
11	35	41	64
14	18	62	96
23	71	48	76
96	42	52	90
87	51	40	28
43	30	77	83
38	93	61	52
64	57	96	77
10	24	68	31
36	93	60	71
61	17	23	42
19	20	95	11
88	91	67	10
35	69	29	95
91	90	15	87
56	45	87	63
29	59	23	41
92	79	57	44
78	61	84	47
56	96	89	93
42	32	27	84
73	45	23	72
57	65	39	27
63	97	42	28
87	18	89	70
51	75	15	83
83	77	13	20
34	28	62	15
38	89	70	35
69	33	60	72
12	56	25	38
71	28	20	45
67	17	22	34
11	65	91	90
80	50	35	62
57	30	35	62
23	17	85	29
41	37	71	28
55	90	48	53
52	67	56	78
36	55	99	60
25	67	47	100
35	60	99	48
54	61	31	26
18	69	64	43
67	35	47	74
42	95	94	52
96	50	58	63
62	37	22	88
96	44	73	84
76	80	94	75
12	87	44	53
78	59	60	52
59	90	51	31
23	97	49	87
50	36	20	30
88	97	64	72
54	68	36	82
38	53	32	16
79	84	72	85
87	23	49	60
39	99	46	15
49	11	27	11
83	74	33	76
93	71	47	88
47	68	82	89
69	44	87	42
94	44	22	63
99	13	66	46
91	30	25	97
20	38	53	90
63	49	50	50
96	46	100	85
92	14	70	76
10	55	93	28
98	14	41	39
73	14	19	41
42	67	54	37
85	44	25	93
10	64	83	91
33	50	55	43
28	98	60	93
14	73	34	71
35	95	28	71
18	62	54	66
83	76	10	55
99	73	46	83
83	72	63	34
46	16	47	75
37	70	24	61
54	23	98	49
53	25	84	77
68	29	49	81
99	70	12	69
56	21	70	89
40	98	61	68
86	33	46	64
20	67	53	79
70	71	80	84
27	55	30	51
73	92	18	37
25	48	86	11
17	72	55	50
17	30	15	51
67	15	56	99
42	65	55	17
81	24	19	22
32	13	39	27
68	92	60	36
66	63	50	81
21	74	59	65
35	54	27	32
80	14	35	48
94	26	85	19
91	69	48	34
100	97	62	35
92	90	75	16
30	91	35	24
40	69	97	77
80	38	40	55
13	91	61	30
27	16	99	38
31	27	96	38
63	84	22	93
68	49	73	22
69	12	23	79
70	25	61	86
54	90	72	59
99	11	46	97
12	100	39	22
52	86	95	25
62	96	38	31
63	27	60	58
32	58	36	24
42	44	31	45
52	47	10	94
96	60	32	24
61	50	52	33
25	35	70	68
24	65	17	24
71	43	65	78
25	55	40	31
63	84	95	19
23	26	45	77
98	19	90	44
72	48	77	60
94	79	69	76
50	98	40	42
25	61	66	88
22	70	33	10
76	72	71	84
85	18	41	14
11	37	90	70
82	81	47	16
84	87	15	100
73	64	37	57
21	76	40	77
99	38	58	52
83	100	52	15
49	62	88	87
99	77	68	49
57	34	10	65
68	19	38	98
32	53	72	80
15	93	71	18
52	91	100	34
78	64	14	24
86	65	81	24
64	13	69	62
61	21	87	81
51	35	19	69
46	24	42	80
87	51	41	77
71	23	70	20
49	55	42	43
69	47	15	76
51	38	22	45
37	83	45	64
89	17	23	39
33	89	64	17
48	100	52	69
68	16	67	56
49	33	72	16
96	54	64	43
74	72	84	57
10	100	64	24
48	12	10	79
95	77	32	32
38	66	30	34
27	48	98	51
17	18	16	46
86	73	89	28
82	31	39	61
78	53	45	66
42	29	89	55
94	91	22	74
15	72	88	85
43	57	88	98
61	17	89	22
37	90	14	37
87	87	14	99
72	90	96	54
92	45	98	10
91	85	51	79
79	25	89	25
23	95	88	48
83	57	75	22
43	51	11	77
71	77	48	99
41	83	16	63
98	23	73	15
98	69	42	15
95	75	12	84
30	26	67	25
39	34	12	35
95	23	63	65
40	97	20	42
57	30	50	17
87	40	54	90
21	51	54	64
27	41	65	47
21	73	45	22
79	11	34	73
43	54	52	84
78	13	55	55
10	94	22	68
27	85	31	47
92	51	97	65
99	79	74	59
96	56	45	79
70	85	31	86
22	51	30	72
90	20	73	54
66	29	23	93
92	74	28	34
12	96	59	28
71	91	70	27
13	15	21	95
72	13	49	40
87	69	67	38
93	43	19	19
89	35	83	76
45	42	21	58
71	44	61	18
80	96	54	51
73	16	72	83
52	76	87	34
96	35	22	23
67	33	60	24
15	51	16	85
44	58	30	54
41	95	20	88
27	62	72	14
45	35	79	52
65	82	55	76
67	18	14	65
74	100	22	16
71	36	24	47
56	67	64	42
71	73	98	39
91	72	23	27
35	78	86	63
88	91	56	19
77	45	43	94
45	12	63	72
98	59	63	100
66	14	60	96
30	15	85	68
11	63	57	19
34	48	58	44
81	37	96	58
42	53	24	79
40	17	21	15
92	31	32	18
36	19	68	76
24	25	53	13
37	25	45	39
37	20	12	17
63	31	51	28
83	94	48	52
96	39	19	18
19	88	66	21
34	48	22	39
14	26	66	10
68	67	79	45
26	24	94	66
42	86	96	46
28	74	11	21
21	95	17	69
44	62	42	82
86	59	18	46
21	65	93	35
10	99	91	57
29	54	90	72
72	41	94	81
40	55	36	31
43	37	29	25
51	69	88	32
90	16	79	97
78	81	16	48
75	19	37	59
25	12	79	22
56	83	50	66
98	43	64	43
69	79	50	66
86	22	94	22
90	96	21	46
100	68	26	29
88	19	20	34
41	97	65	13
23	12	84	72
61	30	29	75
43	43	86	31
67	10	59	42
74	76	60	94
10	19	42	70
26	40	63	27
10	99	52	48
75	74	93	19
89	54	47	55
13	37	78	47
60	73	50	35
61	60	26	10
14	28	76	81
46	55	84	37
17	34	65	37
70	43	37	90
91	69	73	35
11	88	14	68
50	18	19	60
47	61	38	58
24	36	78	46
85	52	77	66
34	77	72	10
14	12	77	10
14	39	76	33
55	10	96	88
96	64	71	70
39	18	41	17
22	85	56	33
98	22	75	81
67	61	18	26
24	98	90	15
78	28	22	81
31	79	30	83
65	95	71	88
16	36	11	59
36	65	62	38
23	51	35	62
37	77	60	52
58	19	72	50
100	44	52	79
47	96	63	75
51	84	47	25
60	88	81	38
91	27	71	92
33	46	63	29
62	79	27	90
100	99	54	92
42	44	46	77
39	41	52	36
17	38	22	91
72	89	26	38
54	47	49	22
17	29	96	20
72	33	56	67
36	77	13	94
41	73	31	97
55	78	32	91
37	77	47	96
46	21	82	19
33	56	12	39
88	52	82	77
18	96	10	22
47	57	74	16
85	62	21	86
77	44	82	39
55	25	89	56
19	65	59	76
72	56	47	92
48	21	72	52
31	61	75	37
75	83	39	90
60	15	89	66
10	79	65	17
51	99	74	42
51	37	53	87
91	17	76	67
98	52	45	65
55	73	71	74
65	81	35	40
95	44	70	90
81	32	16	66
71	91	60	56
94	17	77	59
62	84	29	83
10	38	56	58
31	37	35	30
85	83	37	52
18	82	100	64
65	47	72	95
36	35	79	62
27	50	98	47
19	62	79	73
53	22	99	59
62	27	33	96
89	58	52	47
35	37	74	96
14	98	35	26
54	59	52	20
54	88	29	15
28	61	68	31
47	66	74	72
64	12	67	26
14	51	44	12
82	36	16	30
44	44	71	85
97	71	10	81
100	36	23	85
11	87	24	59
44	57	29	69
32	85	47	49
43	47	31	75
92	57	44	63
12	54	23	37
21	97	18	78
32	56	37	88
22	40	82	78
53	45	36	65
37	88	46	53
10	76	12	83
71	85	35	17
99	45	11	95
57	69	64	46
85	23	81	48
17	10	37	20
57	84	78	97
87	70	32	35
21	56	67	20
15	90	84	20
24	98	19	72
88	44	45	17
21	35	74	93
99	82	100	65
39	54	91	21
99	19	11	35
55	98	65	23
58	76	11	78
71	20	74	92
47	68	60	19
61	65	28	76
73	26	100	60
49	46	24	85
37	28	58	14
37	20	96	88
69	39	19	20
20	34	10	96
25	84	40	63
67	60	63	46
24	37	69	96
45	41	89	46
33	60	74	36
14	80	43	56
95	78	77	80
99	63	34	26
70	79	28	40
40	36	52	66
39	100	71	93
62	75	47	94
90	78	67	93
31	77	83	47
44	94	99	86
81	90	29	81
18	43	98	69
83	99	84	92
91	13	76	48
98	11	52	10
56	72	33	39
32	57	50	38
56	80	20	20
81	94	97	75
73	21	57	10
33	44	58	34
19	12	34	74
82	41	49	78
10	87	77	49
76	68	62	12
97	96	73	93
33	33	54	19
53	46	87	37
97	46	40	15
19	88	78	67
23	25	66	93
74	75	17	81
43	40	58	36
64	37	33	17
28	66	91	55
70	31	47	71
68	48	50	25
39	89	24	72
72	67	24	93
39	45	40	97
44	95	71	98
28	41	59	43
32	90	67	56
65	73	17	27
82	57	96	48
39	37	57	17
38	71	10	39
21	81	20	41
90	64	75	38
80	81	20	19
77	52	90	74
54	33	67	45
78	57	98	75
90	21	82	56
67	52	93	37
29	92	99	65
89	78	36	82
79	18	43	53
96	68	34	40
88	39	89	13
86	83	75	100
42	99	53	70
21	34	67	28
81	83	26	42
17	80	41	72
43	83	53	94
75	19	81	64
95	47	29	21
48	57	79	84
58	67	66	84
17	20	46	82
55	43	48	17
99	86	42	62
10	52	13	85
30	63	72	53
45	100	64	93
28	79	69	91
59	30	29	63
96	25	86	67
70	64	47	82
53	77	71	51
15	17	85	25
29	49	17	84
33	16	66	62
63	57	24	97
54	63	74	30
96	61	37	44
20	86	38	92
62	84	93	34
40	89	95	19
84	45	38	86
24	59	98	68
29	66	91	61
45	78	29	100
49	29	10	52
47	30	10	43
94	44	10	22
62	10	79	96
77	17	73	44
70	52	18	56
15	82	90	83
65	49	20	30
49	32	95	72
89	82	88	64
77	80	23	45
94	26	34	45
85	74	98	96
30	67	12	50
87	15	70	100
63	19	14	14
54	24	64	100
98	56	25	75
66	85	66	35
25	57	16	67
73	17	87	13
24	71	24	17
19	29	80	48
96	49	84	34
62	90	18	76
37	50	49	76
80	98	45	74
96	73	31	37
41	51	12	63
25	65	39	93
85	80	36	13
57	85	75	53
62	34	20	55
95	17	15	52
18	71	65	23
79	52	99	31
20	33	12	14
58	26	64	12
87	100	67	90
52	94	33	40
18	38	13	53
79	49	49	14
99	22	31	83
58	54	76	96
70	73	41	39
37	67	81	58
43	34	32	53
80	24	22	18
46	87	81	70
12	90	12	46
86	59	22	23
60	99	76	86
24	86	90	97
84	52	21	35
62	36	51	100
99	83	21	12
18	35	44	53
82	87	36	42
27	92	51	40
36	95	73	54
63	21	36	21
76	50	40	17
67	92	29	33
58	83	13	47
88	95	11	79
72	16	91	51
97	45	98	66
26	24	77	12
38	32	49	97
52	67	64	97
13	98	43	49
61	84	36	18
22	27	91	75
27	38	97	41
49	62	73	95
40	73	44	52
50	79	55	16
42	10	16	45
14	83	91	42
47	54	49	99
32	100	79	33
21	21	48	69
92	39	87	82
48	35	36	12
37	50	41	64
18	64	67	50
28	44	72	61
90	30	42	100
63	21	99	26
25	91	29	29
49	57	51	36
71	39	44	59
86	49	59	18
69	54	100	49
20	71	48	76
33	63	73	21
17	28	89	18
21	15	27	96
39	97	55	28
77	36	46	98
92	87	27	31
87	54	65	59
33	45	40	29
74	87	48	62
55	71	99	45
78	36	84	71
68	80	65	44
43	93	47	40
53	29	52	83
77	98	14	41
100	37	47	28
85	77	18	78
81	49	52	66
66	84	11	60
89	99	38	10
84	60	62	51
26	66	61	14
25	78	61	41
54	52	97	11
26	51	49	92
65	69	52	42
49	99	13	95
91	56	53	36
20	76	43	95
13	76	20	77
31	92	13	19
71	99	36	45
52	67	55	75
31	27	53	57
95	50	76	12
77	35	89	78
77	38	76	19
58	58	28	84
24	21	58	13
35	94	63	45
37	29	16	39
26	41	12	11
48	75	53	91
100	31	96	94
73	41	17	42
91	19	44	76
42	63	54	46
47	89	90	77
40	34	13	54
35	61	70	22
27	64	21	55
13	33	90	41
81	79	40	62
20	32	87	85
46	14	95	65
31	33	39	81
88	37	87	77
16	67	18	55
14	41	91	16
40	11	35	71
75	89	30	97
13	92	63	29
50	54	31	59
82	46	88	97
17	98	25	79
20	74	33	24
56	50	58	32
35	45	92	32
71	33	53	54
10	87	71	48
71	58	50	68
54	38	60	63
15	22	44	70
98	30	13	16
80	66	69	18
35	87	60	63
43	20	98	18
95	62	98	13
19	95	57	53
99	97	53	43
68	57	76	66
64	28	97	18
90	40	50	68
89	38	10	93
76	16	30	99
90	48	55	30
95	92	14	15
76	94	61	42
22	87	33	58
58	100	67	82
82	22	86	95
21	91	29	23
52	80	45	97
12	43	12	31
72	46	71	78
77	74	27	73
15	10	92	94
74	21	34	63
92	17	76	69
27	30	90	80
78	93	65	39
100	24	31	17
68	88	38	41
81	24	13	35
95	80	60	33
96	44	11	74
17	42	49	43
63	47	45	56
72	47	45	63
52	81	61	49
98	37	93	46
73	32	16	62
38	59	21	76
62	32	23	67
50	26	92	43
79	88	62	35
76	85	21	99
83	72	52	61
36	100	59	21
59	74	30	66
26	52	53	43
80	58	42	35
26	94	55	72
74	36	62	57
29	54	25	78
69	89	11	30
56	89	25	45
25	23	69	78
81	47	78	72
85	71	10	56
78	93	79	66
38	20	93	36
26	28	74	16
66	16	71	16
37	15	84	13
11	80	41	100
27	89	91	99
40	86	22	60
13	10	21	97
66	99	18	31
81	93	55	96
17	41	100	27
90	64	77	68
79	40	39	71
28	49	55	20
20	75	98	87
82	98	44	24
27	80	31	86
15	10	59	85
93	31	76	63
80	96	16	73
93	79	61	96
51	10	55	44
71	47	45	36
25	77	27	92
25	14	22	57
18	29	93	85
29	22	85	36
46	88	36	27
60	78	44	51
93	45	35	51
79	55	34	100
87	57	96	85
31	79	87	28
38	46	99	12
65	78	16	67
77	82	40	11
79	66	57	82
32	65	95	46
28	95	94	21
52	100	92	84
33	65	22	20
41	97	46	58
41	44	65	14
47	99	24	75
71	91	98	42
39	42	89	55
84	82	24	89
98	53	42	40
41	72	91	38
90	27	79	31
76	31	36	94
65	41	85	78
52	14	22	77
78	12	11	87
49	18	76	51
56	74	33	33
17	56	22	23
86	57	14	39
58	97	25	65
42	78	57	89
99	61	22	23
50	66	34	77
54	66	85	68
18	91	39	38
28	26	66	47
88	98	45	88
77	89	100	14
99	89	45	71
19	12	70	45
11	31	53	41
13	77	73	99
51	41	61	62
44	34	10	90
98	25	34	24
76	80	32	23
46	76	34	69
99	19	16	20
16	25	57	28
49	35	37	93
41	36	40	26
10	71	87	83
16	89	86	99
73	20	51	98
28	78	15	81
85	69	28	28
58	43	30	66
91	85	78	34
38	75	58	72
76	30	93	99
80	47	24	31
39	51	38	82
34	10	93	49
50	63	47	42
48	39	96	41
69	88	18	36
33	80	24	48
78	60	83	22
77	98	70	16
50	24	98	61
33	97	19	50
58	46	84	30
15	27	26	82
29	48	44	39
45	24	39	49
61	11	80	26
39	74	64	84
20	66	24	82
28	63	75	24
56	34	73	84
94	56	48	98
68	79	66	57
72	86	75	33
92	58	63	26
64	88	20	30
41	76	56	40
53	89	33	49
68	93	11	57
26	41	77	29
64	90	98	86
60	38	90	16
62	46	28	33
43	99	34	34
100	70	96	10
38	66	58	42
98	36	62	61
56	26	79	55
66	68	81	50
14	75	24	58
68	41	97	81
58	39	70	49
30	26	94	88
65	45	38	76
62	46	90	41
71	61	28	66
75	57	83	12
65	61	26	12
37	58	33	65
40	52	88	57
68	57	27	85
24	86	36	15
61	11	26	65
69	41	88	13
23	44	57	49
68	99	19	74
31	70	32	100
97	46	37	58
39	71	97	46
87	16	88	63
86	74	94	14
99	13	17	25
30	57	54	38
88	61	20	66
12	76	99	37
39	34	55	78
44	95	90	80
14	68	61	75
99	43	76	10
98	85	72	31
47	20	90	52
27	89	62	67
70	74	64	13
82	90	77	40
13	36	80	65
71	59	28	13
16	15	73	84
71	92	85	96
80	30	54	70
66	22	54	44
56	97	19	38
72	50	20	49
93	35	61	97
43	44	17	12
39	91	14	68
76	46	49	46
72	75	61	20
45	13	35	79
88	63	46	31
35	10	42	14
35	97	91	88
60	32	71	69
46	32	82	15
28	75	30	92
31	75	84	73
26	53	24	26
42	75	11	93
43	72	43	99
66	27	10	16
21	45	53	20
86	33	44	95
58	28	83	17
49	82	33	20
44	80	95	72
18	75	82	65
78	65	33	68
17	73	18	95
62	83	37	86
50	30	16	14
55	53	64	19
21	23	93	88
81	51	29	35
36	35	49	43
47	52	22	83
79	42	14	46
23	54	37	94
96	87	76	18
26	52	46	24
62	59	46	12
84	95	49	18
35	18	45	68
49	95	80	40
68	54	44	22
75	82	43	22
17	39	78	31
41	93	41	35
21	11	52	94
78	21	43	76
70	82	63	49
76	55	90	75
63	29	72	54
18	61	89	62
69	90	24	39
25	96	88	100
82	19	23	63
77	93	11	94
39	47	71	97
91	74	22	66
51	55	100	95
29	86	31	30
81	82	93	67
90	58	82	59
32	96	71	77
34	26	23	86
97	35	30	19
14	19	63	31
37	89	91	95
10	30	41	15
95	89	94	52
28	17	44	26
45	99	37	16
33	11	98	80
39	31	11	49
32	18	15	48
24	28	80	51
67	13	43	24
91	88	12	96
41	86	56	37
64	95	61	16
41	18	35	74
15	74	35	55
47	34	60	17
75	36	77	68
34	66	18	75
59	48	16	98
49	75	49	63
81	82	17	43
64	82	64	45
99	10	19	29
82	49	85	97
39	56	42	13
95	12	21	32
56	88	79	11
82	24	72	72
40	10	54	46
21	58	42	67
15	20	52	10
43	68	44	60
69	22	61	94
77	43	67	87
55	87	37	50
68	44	41	26
65	10	47	21
95	86	23	44
51	87	75	16
36	21	15	16
74	66	66	28
96	47	53	68
11	21	84	52
95	57	27	14
89	78	75	19
72	73	25	10
32	84	71	52
70	37	19	42
86	19	10	56
89	16	78	23
24	99	21	33
91	73	71	51
51	75	50	73
36	23	16	80
64	74	83	70
52	24	18	54
37	71	46	19
60	49	34	70
10	41	84	63
61	37	85	28
82	98	78	28
90	68	69	29
24	50	60	100
53	72	58	42
73	37	92	84
68	66	59	10
28	38	52	21
77	47	66	71
31	99	74	75
64	84	67	18
86	59	84	15
82	49	45	22
100	71	21	62
55	24	87	10
11	44	80	34
22	31	12	78
30	57	98	69
67	19	35	86
63	97	72	82
89	87	14	93
99	10	17	73
26	80	98	56
78	24	98	81
81	33	27	93
85	99	64	26
41	58	60	58
63	57	67	16
37	68	86	19
91	27	95	45
37	15	68	25
43	71	22	53
83	73	38	14
69	72	100	29
71	59	46	35
27	92	59	37
72	13	56	26
85	29	58	61
75	48	47	84
58	74	97	38
52	55	13	10
82	99	27	22
20	45	35	94
57	79	55	28
86	42	91	47
31	70	62	36
74	56	80	17
98	63	100	94
37	24	55	73
27	32	93	51
14	30	81	83
64	69	96	74
13	77	23	25
72	57	70	80
15	26	69	34
79	28	36	91
54	68	33	21
33	10	42	96
54	16	45	39
97	83	13	40
14	44	59	55
48	17	97	100
20	43	50	36
32	14	70	34
98	84	54	65
90	13	36	67
23	98	85	91
98	42	30	78
97	39	46	49
95	42	81	43
51	77	85	92
21	56	12	42
33	89	99	65
33	42	67	96
25	57	22	76
60	100	85	27
88	50	41	41
34	58	66	54
23	48	91	70
100	80	69	15
97	51	19	91
46	83	28	40
83	18	39	89
98	94	99	98
48	35	98	34
69	53	36	92
37	91	18	84
39	24	36	10
89	60	49	87
26	33	40	20
48	19	72	37
48	34	31	72
19	35	73	44
74	75	14	26
90	47	39	13
45	94	57	73
42	42	80	71
59	75	72	87
63	82	47	58
28	76	85	65
54	96	36	90
57	52	15	59
98	81	69	48
94	54	55	10
43	67	85	23
100	92	46	51
26	18	68	73
72	58	29	22
25	13	80	11
15	81	87	39
63	68	32	84
35	44	23	81
67	47	60	96
31	51	68	84
28	77	41	50
69	100	59	58
19	21	74	43
100	38	75	91
73	62	43	100
53	46	78	43
68	93	40	71
66	68	49	88
70	57	50	54
67	39	91	23
11	73	86	81
21	67	96	70
36	70	98	92
20	23	96	83
47	39	59	36
25	63	32	73
58	68	86	63
28	48	13	76
100	13	58	26
20	70	92	86
65	88	21	99
44	16	66	55
86	73	48	80
86	81	89	18
45	46	13	20
35	23	49	39
62	99	74	32
23	61	97	40
23	100	20	85
36	58	60	96
92	47	60	25
88	75	70	91
75	74	61	10
98	52	18	62
60	61	67	55
51	40	12	47
41	67	94	66
24	42	88	78
92	17	40	19
53	70	24	25
50	52	18	99
68	19	15	96
89	55	79	56
19	12	15	38
21	26	27	53
44	25	100	74
68	58	80	54
28	15	41	40
37	34	24	16
52	20	65	94
32	10	92	26
29	73	87	51
73	26	43	77
75	80	97	45
95	73	35	90
93	68	51	34
51	46	42	36
20	89	71	22
33	30	68	77
94	57	61	60
73	61	94	55
30	74	69	97
97	28	59	28
76	62	10	69
59	84	66	37
41	10	44	22
39	61	25	17
36	77	20	18
72	54	64	30
15	96	94	76
35	25	45	94
98	87	34	24
41	82	54	42
67	61	47	23
18	94	86	13
44	80	21	31
56	51	75	53
41	98	49	79
80	17	64	51
87	27	96	16
35	62	58	54
71	66	35	78
52	30	26	56
81	37	24	44
99	80	98	18
87	60	19	23
45	57	56	15
50	90	52	45
23	42	27	86
85	11	90	67
38	33	37	71
59	29	94	73
67	30	26	85
40	91	62	100
97	99	56	47
20	77	99	100
75	29	20	14
88	15	81	62
25	65	92	41
86	30	79	16
27	94	50	87
100	71	45	55
49	53	39	48
71	58	83	96
88	92	61	34
61	36	22	17
21	60	44	49
55	20	26	51
16	83	30	92
44	22	98	82
68	29	67	73
57	98	93	16
86	21	71	72
100	28	86	64
64	45	42	67
18	92	50	47
76	20	19	13
78	19	18	43
31	57	68	93
20	15	74	76
84	69	80	19
65	83	12	82
91	39	48	33
88	18	98	24
89	39	71	72
19	67	80	79
61	10	51	80
87	61	17	41
63	84	25	64
82	92	31	12
91	17	15	99
47	42	53	73
66	83	75	39
66	40	17	97
48	83	94	62
71	35	56	66
32	78	85	13
49	69	11	97
54	17	20	57
18	81	43	33
55	35	74	98
56	76	63	30
67	87	26	19
49	82	83	40
40	39	67	58
45	51	82	72
79	10	28	89
40	21	34	87
55	56	62	24
54	16	89	14
30	44	56	47
48	72	15	62
21	56	81	69
90	15	29	24
30	92	89	73
67	70	83	35
42	92	34	44
94	20	20	17
95	54	26	28
74	87	67	16
93	100	37	15
48	23	68	92
87	71	10	29
72	32	29	29
61	17	36	37
35	36	83	100
36	29	48	80
58	34	61	53
41	39	23	26
78	97	52	49
59	27	38	43
18	55	40	66
45	89	81	88
69	48	30	85
72	51	25	40
91	100	74	68
74	32	65	49
21	12	25	17
25	13	12	57
67	36	80	24
90	69	14	23
58	73	29	10
61	99	37	42
83	99	91	96
62	47	50	49
23	13	50	28
56	74	47	20
83	44	85	68
72	39	67	10
35	17	31	77
36	46	58	13
65	31	29	87
50	22	48	71
15	63	36	74
83	38	39	75
53	69	43	19
100	70	33	42
46	37	91	100
40	16	63	56
34	44	39	34
30	19	10	34
93	44	49	94
77	25	57	71
58	29	100	78
12	52	25	53
85	84	69	62
25	76	32	86
47	28	58	64
47	35	33	63
92	20	63	82
18	47	28	27
85	18	59	31
68	100	14	99
89	20	78	45
85	98	16	50
11	79	53	91
21	95	59	90
26	57	13	32
19	78	42	28
52	12	76	46
48	13	30	99
72	14	74	24
19	78	47	22
69	81	28	96
82	15	40	90
66	100	85	78
68	66	23	31
47	59	17	18
40	16	38	66
89	15	38	31
19	48	38	10
94	76	57	88
19	98	59	95
37	36	86	50
88	41	90	12
16	40	48	87
46	55	78	74
19	70	64	38
53	64	15	99
64	17	11	48
42	25	63	19
100	19	46	92
98	46	69	44
63	93	56	20
99	44	41	62
73	100	65	37
38	38	98	59
65	50	23	32
43	13	99	74
93	66	35	61
55	45	22	43
62	22	67	21
79	50	29	71
31	18	22	11
46	48	56	79
78	10	70	27
94	57	33	52
62	14	83	92
32	98	100	63
75	33	50	73
40	92	94	60
42	67	81	16
16	88	48	95
100	38	16	91
38	15	51	34
49	60	78	73
61	82	57	11
95	77	65	75
34	74	91	15
82	49	51	74
90	17	33	16
75	83	71	72
52	92	50	96
16	53	47	37
44	40	86	95
23	98	54	70
53	57	55	40
25	99	48	97
76	68	20	74
39	27	53	24
15	46	72	73
54	15	61	98
47	40	41	98
24	82	43	93
73	11	80	40
32	28	10	69
82	93	23	98
40	56	10	83
60	67	54	23
82	60	21	35
19	89	27	68
53	74	15	30
11	56	63	52
72	63	76	45
26	22	37	62
74	31	39	77
46	59	100	57
14	74	97	94
30	22	28	43
60	18	14	64
44	43	18	83
32	77	63	52
89	82	61	100
60	96	88	89
51	85	51	37
20	75	79	42
56	40	62	14
34	10	95	57
66	28	14	87
99	40	76	70
20	99	95	57
17	93	88	19
49	72	11	97
83	18	71	93
47	42	19	80
18	26	72	70
19	98	45	14
65	48	38	37
74	61	100	58
29	72	61	95
97	88	48	50
87	86	16	80
47	41	51	24
70	18	66	91
69	72	55	19
91	95	11	54
62	21	78	48
52	78	26	31
58	76	37	33
23	78	30	51
35	28	74	17
58	49	87	74
77	55	93	22
58	97	94	74
89	35	51	29
30	99	22	15
99	29	79	26
55	40	45	86
38	15	26	41
33	32	67	87
54	15	12	95
57	90	97	76
55	14	78	11
61	16	98	84
41	88	59	57
11	11	27	57
71	85	31	52
87	99	78	36
11	42	50	58
44	24	20	96
50	49	95	78
66	83	24	67
53	17	45	16
90	96	83	16
78	15	62	32
29	100	98	26
50	40	35	43
43	35	26	78
44	39	91	39
22	48	33	95
54	89	22	59
62	53	87	21
36	72	68	73
81	93	29	30
57	34	58	47
90	100	88	29
64	59	69	41
63	66	41	76
74	26	31	53
28	73	26	69
43	41	91	38
17	22	56	27
29	57	70	24
25	59	41	67
32	100	88	55
53	33	100	32
43	79	40	88
23	70	87	20
97	19	30	25
56	22	62	45
40	90	68	95
90	32	27	19
93	51	86	43
10	93	33	22
33	42	25	69
35	79	41	48
76	42	93	97
18	81	48	65
32	22	22	91
57	13	12	81
74	94	70	97
82	46	95	33
37	75	45	98
44	49	20	74
43	38	22	13
58	92	55	86
90	39	40	73
47	74	29	56
62	12	40	79
86	34	94	28
54	51	19	67
20	90	31	64
73	92	53	23
74	43	96	50
81	76	65	95
12	23	68	84
75	39	38	96
26	80	25	42
46	67	14	96
14	98	80	23
77	98	55	55
44	57	19	66
27	25	84	88
53	20	20	86
47	62	68	53
52	50	25	96
47	24	18	32
81	82	10	11
19	19	93	82
16	36	19	91
28	84	66	38
59	13	72	91
12	62	73	47
75	83	33	37
71	23	32	20
86	65	50	38
61	90	23	27
90	85	12	31
51	87	41	11
37	92	10	87
73	15	72	57
14	44	20	34
12	84	28	89
21	63	17	14
100	22	58	52
99	62	65	100
22	17	93	13
10	27	72	58
94	63	15	83
58	19	23	70
12	59	34	25
50	65	11	46
94	63	29	10
64	99	11	67
55	81	55	65
82	68	75	87
76	38	10	62
14	100	10	97
30	74	67	48
48	19	32	79
31	71	100	22
37	62	64	88
73	51	26	75
71	25	97	56
81	24	67	38
15	36	46	77
78	34	46	47
15	98	11	63
10	83	88	42
92	98	63	42
38	74	48	100
55	79	84	53
22	38	34	18
96	31	35	23
86	69	44	58
10	67	74	92
88	80	35	50
46	47	69	22
24	24	52	32
64	35	55	94
71	35	13	91
95	36	44	31
19	91	63	80
98	68	52	25
62	59	34	98
51	100	95	84
79	67	91	70
25	67	59	68
27	10	34	62
52	19	16	75
22	15	22	39
95	61	35	82
26	88	44	15
52	17	57	37
17	72	12	91
69	85	21	15
73	27	70	100
79	33	69	63
73	98	84	73
79	58	59	39
28	82	25	58
30	81	10	29
70	15	81	69
46	78	39	16
90	95	57	67
53	75	42	32
89	56	75	90
45	29	94	76
79	14	96	30
19	82	30	74
19	26	40	56
14	96	90	26
25	16	41	63
52	65	40	21
60	27	71	91
90	38	79	18
19	20	10	92
97	78	12	31
59	71	94	78
53	57	60	89
11	52	28	80
94	44	100	88
89	18	26	82
71	14	95	92
67	29	100	46
74	45	98	36
45	38	36	14
57	95	74	54
80	19	67	33
14	81	33	55
61	79	40	76
29	87	47	21
32	53	68	65
74	11	53	61
59	56	71	92
12	27	27	45
25	74	33	36
74	84	80	86
73	96	91	99
11	28	15	30
45	97	52	40
81	80	12	76
18	57	80	92
31	49	98	80
57	19	17	69
92	23	21	54
36	93	62	86
16	73	12	85
37	79	71	64
11	84	77	20
10	74	67	54
80	81	47	87
19	76	94	60
30	74	31	48
97	91	84	73
37	49	73	44
92	79	75	53
56	57	63	19
17	14	76	45
81	11	30	34
22	84	78	75
25	25	30	31
13	57	66	48
70	41	17	34
49	22	29	47
57	77	66	24
95	72	38	76
61	65	67	36
94	93	67	83
57	84	89	48
58	86	14	29
78	44	14	98
100	56	74	88
99	45	21	84
58	66	26	90
67	24	65	35
73	82	80	23
51	79	14	55
29	61	41	44
56	24	76	99
11	13	94	99
71	36	31	42
59	19	38	14
43	37	37	45
73	57	68	59
73	91	42	53
72	10	52	17
21	27	30	90
97	10	35	42
43	74	66	49
48	29	87	55
13	32	54	20
78	21	81	10
28	40	44	21
33	94	42	18
88	53	89	10
70	98	81	96
90	97	98	31
35	87	90	43
99	43	29	23
80	13	11	94
21	13	45	98
38	37	31	58
39	67	40	40
65	92	22	78
60	20	88	22
89	74	97	18
57	65	59	69
74	55	33	26
83	64	81	82
50	28	84	19
11	12	55	64
34	33	81	74
25	70	36	80
89	62	48	62
87	57	24	66
74	15	96	59
97	57	73	14
64	95	27	81
46	69	88	42
76	77	70	21
44	86	52	87
55	63	68	17
25	100	92	20
33	55	41	48
71	31	66	84
92	27	49	44
91	39	75	71
57	45	67	31
16	53	15	75
39	54	70	59
45	24	17	55
29	95	92	61
73	32	50	82
11	95	18	71
89	44	76	76
23	16	82	34
33	18	75	92
69	48	38	99
52	91	43	31
96	86	53	48
52	77	81	97
39	51	16	11
11	25	45	11
16	79	79	82
90	41	94	12
35	28	10	95
95	58	16	20
20	10	53	40
63	89	42	58
51	11	72	36
88	62	52	93
62	88	86	72
82	45	61	45
97	86	81	70
67	77	12	21
83	79	54	16
23	63	88	45
81	37	96	27
12	57	67	63
13	60	80	25
29	30	46	16
63	95	10	86
70	75	43	32
87	70	67	22
13	63	84	43
30	70	42	58
14	16	85	93
77	13	37	36
92	80	41	86
39	61	75	35
10	28	41	96
38	43	69	89
47	99	21	68
57	10	22	84
16	83	39	40
41	21	53	88
84	58	56	93
73	28	54	25
63	65	99	84
56	70	63	28
47	20	97	74
44	39	96	30
31	17	72	37
63	44	49	42
18	90	68	76
46	40	68	98
34	38	50	83
58	53	88	11
67	63	30	26
70	45	15	18
53	97	11	47
95	42	31	62
66	12	96	50
35	90	61	86
91	16	46	93